lr0: 0.01557
lrf: 0.11001
momentum: 0.89665
weight_decay: 0.00088
warmup_epochs: 4.78843
warmup_momentum: 0.81839
warmup_bias_lr: 0.14458
box: 0.05331
cls: 0.35386
cls_pw: 0.89393
obj: 1.2904
obj_pw: 0.79842
iou_t: 0.2
anchor_t: 5.4905
fl_gamma: 0.0
hsv_h: 0.0162
hsv_s: 0.39006
hsv_v: 0.54306
degrees: 0.0
translate: 0.15634
scale: 0.36112
shear: 0.0
perspective: 0.0
flipud: 0.0
fliplr: 0.5
mosaic: 0.95866
mixup: 0.0
copy_paste: 0.0
anchors: 2.0
